2.666 2.667
2.666 2.667
.499 .501


.1 5  .1 5  -.99 .99


Saddle: 2.499 2.501  2.499 2.501  -1e-3 1e-3
Q(Psi): [-45.0709,-45.0292]
Q'(Psi): [-0.00320383,0.00320876] ; 
         [-0.00320383,0.00320876] ; 
         [-0.0488283,0.0488283]

Max 1:  2.666 2.667  2.666 2.667  .499 .501
Q(Psi): [-52.1801,-52.0175]
Q'(Psi)
[1.95928,1.99089] ; [1.95928,1.99089] ; [-26.9006,-26.4378]

2033: 
y: ([2.500000244140625,2.500000366210938] ; [2.500000244140625,2.500000366210938] ; [3.5400390625e-06,3.662109375e-06])
qfun: [-45.05001533748855,-45.05001279839145]
grad: ([-3.906238361217638e-07,7.240286047254847e-12] ; [-3.906238361217638e-07,7.240286047254847e-12] ; [-9.766080894517025e-08,5.859382391132464e-06])

2034: 
y: ([2.500000244140625,2.500000366210938] ; [2.500000244140625,2.500000366210938] ; [3.662109375e-06,3.7841796875e-06])
qfun: [-45.05001533752704,-45.0500127984275]
grad: ([-3.906236553149869e-07,7.631946228357841e-12] ; [-3.906236553149869e-07,7.631946228357841e-12] ; [-4.72110024007542e-12,5.957038898631363e-06])


